<animation id="Anim443_1handedRH_wrynn">
  <source id="Anim443_1handedRH_wrynn-input">
    <float array count="1" id="Anim443_1handedRH_wrynn-input-array">
0.0000
</float array>
    <technique common>
      <accessor count="1" source="#Anim443_1handedRH_wrynn-input-array" stride="1" />
      <accessor count="16" source="#Anim443_1handedRH_wrynn-output-array" stride="16">
        <param name="TRANSFORM" type="float4x4" />
      </accessor>
    </technique common>
  </source>
  <source id="Anim443_1handedRH_wrynn-output">
    <float array count="16" id="Anim443_1handedRH_wrynn-output-array">
0.776071 0.043683 0.629130 0.150307 0.956038 -0.251794 -0.612471 0.289973 0.735388 0.000000 0.000000 0.000000 0 0 0 1
</float array>
    <technique common />
  </source>
  <source id="Anim443_1handedRH_wrynn-interpolation" />
  <source id="Anim443_1handedRH_wrynn-sampler" />
  <source source="#Anim443_1handedRH_wrynn-sampler" target="Armature_wrynn/transform" />
</animation>
<animation id="Anim443_1handedRH_upperbody">
  <source id="Anim443_1handedRH_upperbody-input">
    <float array count="16" id="Anim443_1handedRH_upperbody-input-array">
0.0000
0.1333
0.2000
0.2667
0.3000
0.3667
0.4333
0.5333
0.6000
0.6333
0.6667
0.7000
0.7333
0.7667
0.8000
0.8333
</float array>
    <technique common>
      <accessor count="16" source="#Anim443_1handedRH_upperbody-input-array" stride="1" />
      <accessor count="256" source="#Anim443_1handedRH_upperbody-output-array" stride="16">
        <param name="TRANSFORM" type="float4x4" />
      </accessor>
    </technique common>
  </source>
  <source id="Anim443_1handedRH_upperbody-output">
    <float array count="256" id="Anim443_1handedRH_upperbody-output-array">
0.935080 0.043753 -0.351726 -0.016742 0.996697 0.079473 0.354041 -0.068424 0.932723 0.000000 0.000000 0.000000 0 0 0 1
0.920750 0.057746 -0.385854 -0.023762 0.995451 0.092274 0.389427 -0.075793 0.917933 0.000000 0.000000 0.000000 0 0 0 1
0.904565 0.072702 -0.420091 -0.030930 0.993948 0.105414 0.425212 -0.082360 0.901338 0.000000 0.000000 0.000000 0 0 0 1
0.884153 0.090516 -0.458346 -0.039085 0.991944 0.120497 0.465560 -0.088623 0.880567 0.000000 0.000000 0.000000 0 0 0 1
0.873027 0.099825 -0.477345 -0.043212 0.990810 0.128173 0.485753 -0.091271 0.869317 0.000000 0.000000 0.000000 0 0 0 1
0.850834 0.117678 -0.512086 -0.050902 0.988474 0.142579 0.522962 -0.095244 0.847018 0.000000 0.000000 0.000000 0 0 0 1
0.831851 0.132285 -0.539003 -0.057010 0.986409 0.154106 0.552063 -0.097465 0.828086 0.000000 0.000000 0.000000 0 0 0 1
0.818704 0.142067 -0.556363 -0.061014 0.984949 0.161722 0.570964 -0.098457 0.815049 0.000000 0.000000 0.000000 0 0 0 1
0.831132 0.132819 -0.539980 -0.057226 0.986331 0.154525 0.553122 -0.097529 0.827371 0.000000 0.000000 0.000000 0 0 0 1
0.844251 0.122814 -0.521687 -0.053070 0.987764 0.146653 0.533314 -0.096126 0.840437 0.000000 0.000000 0.000000 0 0 0 1
0.859753 0.110616 -0.498586 -0.047894 0.989423 0.136925 0.508459 -0.093843 0.855957 0.000000 0.000000 0.000000 0 0 0 1
0.876096 0.097293 -0.472217 -0.042101 0.991125 0.126097 0.480294 -0.090592 0.872416 0.000000 0.000000 0.000000 0 0 0 1
0.891940 0.083834 -0.444314 -0.036068 0.992722 0.114904 0.450713 -0.086461 0.888471 0.000000 0.000000 0.000000 0 0 0 1
0.906235 0.071186 -0.416738 -0.030216 0.994108 0.104105 0.421693 -0.081751 0.903045 0.000000 0.000000 0.000000 0 0 0 1
0.918194 0.060159 -0.391535 -0.024939 0.995220 0.094428 0.395344 -0.076938 0.915305 0.000000 0.000000 0.000000 0 0 0 1
0.927265 0.051469 -0.370852 -0.020650 0.996029 0.086603 0.373836 -0.072646 0.924645 0.000000 0.000000 0.000000 0 0 0 1
</float array>
    <technique common />
  </source>
  <source id="Anim443_1handedRH_upperbody-interpolation" />
  <source id="Anim443_1handedRH_upperbody-sampler" />
  <source source="#Anim443_1handedRH_upperbody-sampler" target="Armature_upperbody/transform" />
</animation>
<animation id="Anim443_1handedRH_torso">
  <source id="Anim443_1handedRH_torso-input">
    <float array count="27" id="Anim443_1handedRH_torso-input-array">
0.0000
0.0333
0.0667
0.1000
0.1333
0.1667
0.2000
0.2333
0.2667
0.3000
0.3333
0.3667
0.4000
0.4333
0.4667
0.5000
0.5333
0.5667
0.6000
0.6333
0.6667
0.7000
0.7333
0.7667
0.8000
0.8333
0.9000
</float array>
    <technique common>
      <accessor count="27" source="#Anim443_1handedRH_torso-input-array" stride="1" />
      <accessor count="432" source="#Anim443_1handedRH_torso-output-array" stride="16">
        <param name="TRANSFORM" type="float4x4" />
      </accessor>
    </technique common>
  </source>
  <source id="Anim443_1handedRH_torso-output">
    <float array count="432" id="Anim443_1handedRH_torso-output-array">
0.955588 0.078839 -0.283966 -0.036783 0.987924 0.150504 0.292402 -0.133374 0.946949 0.000827 0.000490 -0.004476 0 0 0 1
0.975014 0.076211 -0.208664 -0.042191 0.985742 0.162885 0.218103 -0.150011 0.964328 0.001059 0.000572 -0.004859 0 0 0 1
0.995032 0.067148 -0.073511 -0.053353 0.982991 0.175729 0.084061 -0.170933 0.981690 0.001519 0.000673 -0.005251 0 0 0 1
0.997536 0.068188 -0.016514 -0.065099 0.987354 0.144541 0.026161 -0.143110 0.989361 0.001925 0.000517 -0.004321 0 0 0 1
0.993096 0.078290 -0.087360 -0.075110 0.996407 0.039117 0.090108 -0.032285 0.995409 0.002165 0.000142 -0.001174 0 0 0 1
0.973802 0.059302 -0.219532 -0.083988 0.990932 -0.104875 0.211322 0.120565 0.969952 0.002317 0.000163 0.003155 0 0 0 1
0.930254 -0.001726 -0.366913 -0.092756 0.966401 -0.239715 0.354999 0.257029 0.898839 0.002444 0.000767 0.007251 0 0 0 1
0.871004 -0.072210 -0.485940 -0.103008 0.940307 -0.324361 0.480355 0.332575 0.811574 0.002630 0.001474 0.009859 0 0 0 1
0.800607 -0.121777 -0.586685 -0.117645 0.928124 -0.353191 0.587527 0.351788 0.728736 0.002964 0.001818 0.010794 0 0 0 1
0.713856 -0.153380 -0.683290 -0.133931 0.927807 -0.348189 0.687366 0.340070 0.641778 0.003354 0.001836 0.010718 0 0 0 1
0.629559 -0.160116 -0.760276 -0.146008 0.936718 -0.318180 0.763111 0.311319 0.566341 0.003640 0.001596 0.009885 0 0 0 1
0.572681 -0.141344 -0.807502 -0.149639 0.950450 -0.272490 0.806005 0.276883 0.523155 0.003705 0.001218 0.008553 0 0 0 1
0.551599 -0.091771 -0.829046 -0.144076 0.968506 -0.203068 0.821572 0.231457 0.521005 0.003523 0.000722 0.006475 0 0 0 1
0.554502 -0.016212 -0.832025 -0.133148 0.985201 -0.107934 0.821461 0.170632 0.544138 0.003196 0.000284 0.003604 0 0 0 1
0.575746 0.063789 -0.815137 -0.120055 0.992741 -0.007109 0.808767 0.101954 0.579225 0.002816 0.000127 0.000553 0 0 0 1
0.607671 0.128146 -0.783782 -0.107910 0.991066 0.078373 0.786823 0.036953 0.616071 0.002476 0.000241 -0.002040 0 0 0 1
0.641840 0.161911 -0.749551 -0.099532 0.986776 0.127925 0.760352 -0.007503 0.649468 0.002251 0.000413 -0.003553 0 0 0 1
0.681462 0.172127 -0.711324 -0.093626 0.984466 0.148526 0.725840 -0.034617 0.686992 0.002109 0.000508 -0.004202 0 0 0 1
0.730784 0.173231 -0.660262 -0.086975 0.983008 0.161644 0.677045 -0.060700 0.733434 0.001958 0.000577 -0.004636 0 0 0 1
0.783494 0.166356 -0.598718 -0.079434 0.982406 0.169017 0.616301 -0.084865 0.782924 0.001792 0.000617 -0.004898 0 0 0 1
0.834122 0.153223 -0.529871 -0.071091 0.982493 0.172197 0.546979 -0.105964 0.830413 0.001610 0.000633 -0.005034 0 0 0 1
0.878455 0.136034 -0.458052 -0.062295 0.983041 0.172477 0.473747 -0.122979 0.872032 0.001417 0.000631 -0.005076 0 0 0 1
0.913966 0.117275 -0.388477 -0.053636 0.983841 0.170817 0.402232 -0.135285 0.905487 0.001227 0.000617 -0.005053 0 0 0 1
0.939765 0.099445 -0.327038 -0.045792 0.984747 0.167853 0.338742 -0.142767 0.929985 0.001053 0.000596 -0.004983 0 0 0 1
0.956266 0.084903 -0.279907 -0.039518 0.985672 0.163971 0.289819 -0.145738 0.945920 0.000911 0.000571 -0.004878 0 0 0 1
0.964454 0.075657 -0.253189 -0.035530 0.986565 0.159457 0.261851 -0.144793 0.954185 0.000818 0.000542 -0.004750 0 0 0 1
0.955588 0.078839 -0.283966 -0.036783 0.987924 0.150504 0.292402 -0.133374 0.946949 0.000827 0.000490 -0.004476 0 0 0 1
</float array>
    <technique common />
  </source>
  <source id="Anim443_1handedRH_torso-interpolation" />
  <source id="Anim443_1handedRH_torso-sampler" />
  <source source="#Anim443_1handedRH_torso-sampler" target="Armature_torso/transform" />
</animation>
<animation id="Anim443_1handedRH_chest">
  <source id="Anim443_1handedRH_chest-input">
    <float array count="18" id="Anim443_1handedRH_chest-input-array">
0.0000
0.0333
0.0667
0.1000
0.1333
0.1667
0.2000
0.2333
0.2667
0.3000
0.3333
0.3667
0.5667
0.6333
0.6667
0.7000
0.7333
0.8000
</float array>
    <technique common>
      <accessor count="18" source="#Anim443_1handedRH_chest-input-array" stride="1" />
      <accessor count="288" source="#Anim443_1handedRH_chest-output-array" stride="16">
        <param name="TRANSFORM" type="float4x4" />
      </accessor>
    </technique common>
  </source>
  <source id="Anim443_1handedRH_chest-output">
    <float array count="288" id="Anim443_1handedRH_chest-output-array">
1.000000 -0.000144 0.000397 0.000050 0.973668 0.227972 -0.000419 -0.227972 0.973668 0.000001 0.003430 -0.014334 0 0 0 1
0.999204 0.007857 0.039113 -0.016532 0.973820 0.226721 -0.036308 -0.227187 0.973175 0.001333 0.003415 -0.014247 0 0 0 1
0.991861 0.025236 0.124802 -0.052757 0.973522 0.222425 -0.115884 -0.227199 0.966930 0.004254 0.003435 -0.013919 0 0 0 1
0.976462 0.041931 0.211578 -0.088353 0.972609 0.215005 -0.196767 -0.228638 0.953420 0.007144 0.003505 -0.013336 0 0 0 1
0.965696 0.048542 0.255100 -0.103359 0.973055 0.206111 -0.238221 -0.225408 0.944692 0.008419 0.003454 -0.012698 0 0 0 1
0.975028 0.032264 0.219730 -0.076462 0.977672 0.195734 -0.208509 -0.207647 0.955724 0.006476 0.003021 -0.012125 0 0 0 1
0.990957 0.000128 0.134184 -0.024805 0.982940 0.182247 -0.131872 -0.183927 0.974054 0.002595 0.002500 -0.011412 0 0 0 1
0.998246 -0.022584 0.054724 0.013147 0.985863 0.167037 -0.057722 -0.166025 0.984432 -0.000395 0.002175 -0.010527 0 0 0 1
0.999683 -0.024868 -0.004042 0.025192 0.988412 0.149695 0.000273 -0.149750 0.988725 -0.001608 0.001887 -0.009459 0 0 0 1
0.997917 -0.020102 -0.061307 0.027965 0.991089 0.130235 0.058143 -0.131678 0.989587 -0.002229 0.001578 -0.008229 0 0 0 1
0.993924 -0.013504 -0.109241 0.025920 0.993252 0.113049 0.106977 -0.115193 0.987567 -0.002475 0.001314 -0.007121 0 0 0 1
0.990089 -0.008949 -0.140160 0.023525 0.994436 0.102683 0.138461 -0.104962 0.984791 -0.002564 0.001161 -0.006441 0 0 0 1
0.993205 0.001019 -0.116375 0.014310 0.991305 0.130809 0.115497 -0.131586 0.984554 -0.001799 0.001566 -0.008231 0 0 0 1
0.997077 0.004826 -0.076256 0.007665 0.986654 0.162654 0.076023 -0.162763 0.983733 -0.001072 0.002102 -0.010252 0 0 0 1
0.998609 0.005811 -0.052422 0.003784 0.983461 0.181085 0.052607 -0.181031 0.982070 -0.000645 0.002446 -0.011412 0 0 0 1
0.999572 0.005801 -0.028681 0.000031 0.979940 0.199293 0.029262 -0.199208 0.979521 -0.000226 0.002810 -0.012552 0 0 0 1
0.999963 0.004910 -0.007113 -0.003259 0.976414 0.215883 0.008005 -0.215852 0.976394 0.000147 0.003162 -0.013585 0 0 0 1
0.999762 0.001804 0.021750 -0.006948 0.971027 0.238873 -0.020689 -0.238967 0.970808 0.000603 0.003683 -0.015006 0 0 0 1
</float array>
    <technique common />
  </source>
  <source id="Anim443_1handedRH_chest-interpolation" />
  <source id="Anim443_1handedRH_chest-sampler" />
  <source source="#Anim443_1handedRH_chest-sampler" target="Armature_chest/transform" />
</animation>
<animation id="Anim443_1handedRH_neck">
  <source id="Anim443_1handedRH_neck-input">
    <float array count="1" id="Anim443_1handedRH_neck-input-array">
0.0000
</float array>
    <technique common>
      <accessor count="1" source="#Anim443_1handedRH_neck-input-array" stride="1" />
      <accessor count="16" source="#Anim443_1handedRH_neck-output-array" stride="16">
        <param name="TRANSFORM" type="float4x4" />
      </accessor>
    </technique common>
  </source>
  <source id="Anim443_1handedRH_neck-output">
    <float array count="16" id="Anim443_1handedRH_neck-output-array">
0.999999 -0.000333 -0.001059 0.000193 0.991562 -0.129628 0.001093 0.129628 0.991562 -0.000024 0.000470 0.013711 0 0 0 1
</float array>
    <technique common />
  </source>
  <source id="Anim443_1handedRH_neck-interpolation" />
  <source id="Anim443_1handedRH_neck-sampler" />
  <source source="#Anim443_1handedRH_neck-sampler" target="Armature_neck/transform" />
</animation>
<animation id="Anim443_1handedRH_head">
  <source id="Anim443_1handedRH_head-input">
    <float array count="24" id="Anim443_1handedRH_head-input-array">
0.0000
0.0667
0.1000
0.1333
0.1667
0.2000
0.2333
0.2667
0.3000
0.3333
0.3667
0.4000
0.4333
0.4667
0.5000
0.6000
0.6333
0.6667
0.7000
0.7333
0.7667
0.8000
0.8333
0.8667
</float array>
    <technique common>
      <accessor count="24" source="#Anim443_1handedRH_head-input-array" stride="1" />
      <accessor count="384" source="#Anim443_1handedRH_head-output-array" stride="16">
        <param name="TRANSFORM" type="float4x4" />
      </accessor>
    </technique common>
  </source>
  <source id="Anim443_1handedRH_head-output">
    <float array count="384" id="Anim443_1handedRH_head-output-array">
0.996857 0.043230 -0.066395 -0.063896 0.934153 -0.351106 0.046844 0.354245 0.933979 0.007450 0.006580 0.042099 0 0 0 1
0.998729 0.042544 -0.027039 -0.049244 0.938088 -0.342879 0.010777 0.343775 0.938991 0.005832 0.006147 0.041096 0 0 0 1
0.998994 0.040898 0.018414 -0.032434 0.942284 -0.333241 -0.030980 0.332308 0.942662 0.003976 0.005690 0.039928 0 0 0 1
0.996269 0.037575 0.077695 -0.010738 0.947220 -0.320405 -0.085633 0.318375 0.944090 0.001584 0.005150 0.038386 0 0 0 1
0.988475 0.031986 0.147968 0.014811 0.952302 -0.304798 -0.150660 0.303477 0.940853 -0.001228 0.004601 0.036530 0 0 0 1
0.973818 0.023888 0.226069 0.043100 0.957026 -0.286783 -0.223204 0.289018 0.930940 -0.004341 0.004091 0.034408 0 0 0 1
0.951114 0.013408 0.308550 0.073027 0.960963 -0.266867 -0.300083 0.276353 0.913006 -0.007632 0.003668 0.032088 0 0 0 1
0.920011 0.001087 0.391891 0.103490 0.963824 -0.245629 -0.377981 0.266538 0.886616 -0.010983 0.003363 0.029642 0 0 0 1
0.881219 -0.012315 0.472548 0.133452 0.965478 -0.223703 -0.453479 0.260194 0.852441 -0.014281 0.003190 0.027140 0 0 0 1
0.836436 -0.025792 0.547458 0.161886 0.965949 -0.201831 -0.523611 0.257445 0.812130 -0.017416 0.003145 0.024668 0 0 0 1
0.788355 -0.038429 0.614019 0.187916 0.965392 -0.180850 -0.585820 0.257958 0.768293 -0.020292 0.003211 0.022315 0 0 0 1
0.740404 -0.049481 0.670338 0.210741 0.964092 -0.161604 -0.638272 0.260920 0.724245 -0.022821 0.003357 0.020171 0 0 0 1
0.696485 -0.058435 0.715188 0.229630 0.962418 -0.144989 -0.679838 0.265212 0.683728 -0.024920 0.003543 0.018330 0 0 0 1
0.660576 -0.064912 0.747948 0.243923 0.960763 -0.132047 -0.710030 0.269668 0.650490 -0.026512 0.003723 0.016901 0 0 0 1
0.636565 -0.068869 0.768142 0.252986 0.959539 -0.123623 -0.728549 0.273023 0.628233 -0.027524 0.003864 0.015975 0 0 0 1
0.692828 -0.059115 0.718676 0.231133 0.962257 -0.143669 -0.683058 0.265648 0.680341 -0.025087 0.003561 0.018184 0 0 0 1
0.757606 -0.045739 0.651108 0.202884 0.964631 -0.168305 -0.620381 0.259608 0.740089 -0.021950 0.003294 0.020916 0 0 0 1
0.827850 -0.028193 0.560241 0.166832 0.965918 -0.197914 -0.535567 0.257309 0.804339 -0.017963 0.003146 0.024227 0 0 0 1
0.892475 -0.008598 0.451014 0.125383 0.965149 -0.229712 -0.433321 0.261562 0.862450 -0.013393 0.003222 0.027824 0 0 0 1
0.943451 0.010198 0.331356 0.081338 0.961854 -0.261191 -0.321380 0.273373 0.906633 -0.008546 0.003571 0.031432 0 0 0 1
0.977059 0.025557 0.211429 0.037788 0.956217 -0.290211 -0.209589 0.291542 0.933315 -0.003756 0.004181 0.034810 0 0 0 1
0.994126 0.035825 0.102133 -0.001837 0.949079 -0.315033 -0.108219 0.312995 0.943570 0.000604 0.004946 0.037746 0 0 0 1
0.999060 0.041130 0.013676 -0.034200 0.941867 -0.334241 -0.026628 0.333459 0.942389 0.004171 0.005741 0.040049 0 0 0 1
0.998059 0.042941 -0.045102 -0.055951 0.936316 -0.346674 0.027343 0.348525 0.936901 0.006572 0.006349 0.041557 0 0 0 1
</float array>
    <technique common />
  </source>
  <source id="Anim443_1handedRH_head-interpolation" />
  <source id="Anim443_1handedRH_head-sampler" />
  <source source="#Anim443_1handedRH_head-sampler" target="Armature_head/transform" />
</animation>
<animation id="Anim443_1handedRH_hair1">
  <source id="Anim443_1handedRH_hair1-input">
    <float array count="1" id="Anim443_1handedRH_hair1-input-array">
0.0000
</float array>
    <technique common>
      <accessor count="1" source="#Anim443_1handedRH_hair1-input-array" stride="1" />
      <accessor count="16" source="#Anim443_1handedRH_hair1-output-array" stride="16">
        <param name="TRANSFORM" type="float4x4" />
      </accessor>
    </technique common>
  </source>
  <source id="Anim443_1handedRH_hair1-output">
    <float array count="16" id="Anim443_1handedRH_hair1-output-array">
0.971501 0.129647 0.198441 -0.231066 0.331230 0.914819 0.052874 -0.934601 0.351747 0.028703 0.109823 -0.102840 0 0 0 1
</float array>
    <technique common />
  </source>
  <source id="Anim443_1handedRH_hair1-interpolation" />
  <source id="Anim443_1handedRH_hair1-sampler" />
  <source source="#Anim443_1handedRH_hair1-sampler" target="Armature_hair1/transform" />
</animation>
<animation id="Anim443_1handedRH_hair2">
  <source id="Anim443_1handedRH_hair2-input">
    <float array count="1" id="Anim443_1handedRH_hair2-input-array">
0.0000
</float array>
    <technique common>
      <accessor count="1" source="#Anim443_1handedRH_hair2-input-array" stride="1" />
      <accessor count="16" source="#Anim443_1handedRH_hair2-output-array" stride="16">
        <param name="TRANSFORM" type="float4x4" />
      </accessor>
    </technique common>
  </source>
  <source id="Anim443_1handedRH_hair2-output">
    <float array count="16" id="Anim443_1handedRH_hair2-output-array">
0.996471 -0.000721 0.083936 -0.013743 0.985069 0.171614 -0.082806 -0.172162 0.981582 0.006251 0.011341 -0.019739 0 0 0 1
</float array>
    <technique common />
  </source>
  <source id="Anim443_1handedRH_hair2-interpolation" />
  <source id="Anim443_1handedRH_hair2-sampler" />
  <source source="#Anim443_1handedRH_hair2-sampler" target="Armature_hair2/transform" />
</animation>
<animation id="Anim443_1handedRH_hair3">
  <source id="Anim443_1handedRH_hair3-input">
    <float array count="1" id="Anim443_1handedRH_hair3-input-array">
0.0000
</float array>
    <technique common>
      <accessor count="1" source="#Anim443_1handedRH_hair3-input-array" stride="1" />
      <accessor count="16" source="#Anim443_1handedRH_hair3-output-array" stride="16">
        <param name="TRANSFORM" type="float4x4" />
      </accessor>
    </technique common>
  </source>
  <source id="Anim443_1handedRH_hair3-output">
    <float array count="16" id="Anim443_1handedRH_hair3-output-array">
0.998361 -0.022079 0.052803 0.017989 0.996892 0.076701 -0.054333 -0.075626 0.995655 0.003383 0.007601 -0.007468 0 0 0 1
</float array>
    <technique common />
  </source>
  <source id="Anim443_1handedRH_hair3-interpolation" />
  <source id="Anim443_1handedRH_hair3-sampler" />
  <source source="#Anim443_1handedRH_hair3-sampler" target="Armature_hair3/transform" />
</animation>
<animation id="Anim443_1handedRH_Lcollar">
  <source id="Anim443_1handedRH_Lcollar-input">
    <float array count="1" id="Anim443_1handedRH_Lcollar-input-array">
0.0000
</float array>
    <technique common>
      <accessor count="1" source="#Anim443_1handedRH_Lcollar-input-array" stride="1" />
      <accessor count="16" source="#Anim443_1handedRH_Lcollar-output-array" stride="16">
        <param name="TRANSFORM" type="float4x4" />
      </accessor>
    </technique common>
  </source>
  <source id="Anim443_1handedRH_Lcollar-output">
    <float array count="16" id="Anim443_1handedRH_Lcollar-output-array">
0.902044 0.050988 0.428623 -0.072267 0.996822 0.033508 -0.425552 -0.061201 0.902862 0.010344 0.001031 -0.000810 0 0 0 1
</float array>
    <technique common />
  </source>
  <source id="Anim443_1handedRH_Lcollar-interpolation" />
  <source id="Anim443_1handedRH_Lcollar-sampler" />
  <source source="#Anim443_1handedRH_Lcollar-sampler" target="Armature_Lcollar/transform" />
</animation>
<animation id="Anim443_1handedRH_Luparm">
  <source id="Anim443_1handedRH_Luparm-input">
    <float array count="28" id="Anim443_1handedRH_Luparm-input-array">
0.0000
0.0333
0.0667
0.1000
0.1333
0.1667
0.2000
0.2333
0.2667
0.3000
0.3333
0.3667
0.4000
0.4333
0.4667
0.5000
0.5333
0.5667
0.6000
0.6333
0.6667
0.7000
0.7333
0.7667
0.8000
0.8333
0.8667
0.9000
</float array>
    <technique common>
      <accessor count="28" source="#Anim443_1handedRH_Luparm-input-array" stride="1" />
      <accessor count="448" source="#Anim443_1handedRH_Luparm-output-array" stride="16">
        <param name="TRANSFORM" type="float4x4" />
      </accessor>
    </technique common>
  </source>
  <source id="Anim443_1handedRH_Luparm-output">
    <float array count="448" id="Anim443_1handedRH_Luparm-output-array">
0.206077 0.797559 0.566950 -0.059314 0.588502 -0.806317 -0.976736 0.132535 0.168583 -0.010495 0.062135 0.100441 0 0 0 1
0.444530 0.761029 0.472470 -0.277071 0.618400 -0.735400 -0.851836 0.196000 0.485756 0.016034 0.057609 0.087883 0 0 0 1
0.834914 0.479895 0.269478 -0.421593 0.872391 -0.247374 -0.353804 0.092925 0.930692 0.037088 0.026166 0.032093 0 0 0 1
0.972769 0.205215 0.107733 -0.223697 0.952922 0.204695 -0.060654 -0.223221 0.972879 0.020394 0.012986 -0.015246 0 0 0 1
0.981071 0.191039 0.031677 -0.191773 0.935785 0.295857 0.026877 -0.296332 0.954707 0.016878 0.014812 -0.025922 0 0 0 1
0.970352 0.239697 -0.031028 -0.218095 0.923684 0.315029 0.104171 -0.298922 0.948575 0.018239 0.017501 -0.029626 0 0 0 1
0.940270 0.330052 -0.083415 -0.295264 0.912621 0.282743 0.169446 -0.241225 0.955562 0.023801 0.020848 -0.028373 0 0 0 1
0.889268 0.438767 -0.129173 -0.406182 0.887407 0.218004 0.210282 -0.141397 0.967362 0.032051 0.025688 -0.023950 0 0 0 1
0.821772 0.543372 -0.171574 -0.525562 0.839118 0.140237 0.220172 -0.025070 0.975139 0.040852 0.032378 -0.018182 0 0 0 1
0.750027 0.625876 -0.213865 -0.627191 0.775674 0.070440 0.209976 0.081302 0.974320 0.048066 0.039859 -0.013065 0 0 0 1
0.691616 0.674156 -0.259194 -0.691874 0.721389 0.030157 0.207309 0.158473 0.965354 0.052217 0.045681 -0.010694 0 0 0 1
0.652436 0.693330 -0.305974 -0.724584 0.688997 0.016203 0.222049 0.211132 0.951902 0.053857 0.048787 -0.010764 0 0 0 1
0.623318 0.698657 -0.351217 -0.743858 0.668275 0.009210 0.241144 0.255515 0.936249 0.054534 0.050452 -0.011404 0 0 0 1
0.600543 0.695786 -0.393993 -0.755614 0.654999 0.004975 0.261526 0.294719 0.919100 0.054704 0.051217 -0.012209 0 0 0 1
0.579929 0.689613 -0.433722 -0.765433 0.643516 -0.000277 0.278916 0.332146 0.901046 0.054793 0.051730 -0.012815 0 0 0 1
0.557574 0.684415 -0.469773 -0.778651 0.627376 -0.010153 0.287776 0.371450 0.882729 0.055221 0.052685 -0.012876 0 0 0 1
0.529451 0.684005 -0.501816 -0.800290 0.598962 -0.027941 0.281457 0.416391 0.864523 0.056388 0.054873 -0.012076 0 0 0 1
0.480791 0.677649 -0.556446 -0.835398 0.546794 -0.055922 0.266365 0.491741 0.829000 0.058231 0.058782 -0.010886 0 0 0 1
0.454122 0.733083 -0.506322 -0.884426 0.439525 -0.156874 0.107540 0.519044 0.847955 0.063421 0.070204 -0.000137 0 0 0 1
0.449142 0.871186 -0.198258 -0.849442 0.347577 -0.397038 -0.276984 0.346735 0.896133 0.063667 0.084724 0.031400 0 0 0 1
0.355694 0.906631 0.226943 -0.668152 0.416463 -0.616548 -0.653494 0.067670 0.753901 0.047498 0.082122 0.066554 0 0 0 1
0.199454 0.832471 0.516924 -0.499516 0.540214 -0.677239 -0.843031 -0.123133 0.523580 0.028734 0.070128 0.083554 0 0 0 1
0.013988 0.806183 0.591502 -0.464690 0.529038 -0.710058 -0.885363 -0.264932 0.382025 0.020023 0.071669 0.090300 0 0 0 1
-0.187737 0.801409 0.567890 -0.465432 0.436554 -0.769931 -0.864944 -0.408859 0.291044 0.013489 0.081431 0.095947 0 0 0 1
-0.313527 0.780060 0.541486 -0.427162 0.393424 -0.814095 -0.848076 -0.486543 0.209863 0.005794 0.085476 0.099962 0 0 0 1
-0.020048 0.838960 0.543824 -0.260143 0.520821 -0.813063 -0.965362 -0.157772 0.207808 0.000785 0.072457 0.099961 0 0 0 1
0.148744 0.820127 0.552510 -0.123557 0.569761 -0.812470 -0.981126 0.052583 0.186081 -0.006334 0.065341 0.100386 0 0 0 1
0.206077 0.797559 0.566950 -0.059314 0.588502 -0.806317 -0.976736 0.132535 0.168583 -0.010495 0.062135 0.100441 0 0 0 1
</float array>
    <technique common />
  </source>
  <source id="Anim443_1handedRH_Luparm-interpolation" />
  <source id="Anim443_1handedRH_Luparm-sampler" />
  <source source="#Anim443_1handedRH_Luparm-sampler" target="Armature_Luparm/transform" />
</animation>
<animation id="Anim443_1handedRH_Lforearm">
  <source id="Anim443_1handedRH_Lforearm-input">
    <float array count="28" id="Anim443_1handedRH_Lforearm-input-array">
0.0000
0.0333
0.0667
0.1000
0.1333
0.1667
0.2000
0.2333
0.2667
0.3000
0.3333
0.3667
0.4000
0.4333
0.4667
0.5000
0.5333
0.5667
0.6000
0.6333
0.6667
0.7000
0.7333
0.7667
0.8000
0.8333
0.8667
0.9000
</float array>
    <technique common>
      <accessor count="28" source="#Anim443_1handedRH_Lforearm-input-array" stride="1" />
      <accessor count="448" source="#Anim443_1handedRH_Lforearm-output-array" stride="16">
        <param name="TRANSFORM" type="float4x4" />
      </accessor>
    </technique common>
  </source>
  <source id="Anim443_1handedRH_Lforearm-output">
    <float array count="448" id="Anim443_1handedRH_Lforearm-output-array">
0.007543 -0.020136 0.999769 0.008212 0.999765 0.020074 -0.999938 0.008059 0.007707 -0.073506 -0.001711 0.089520 0 0 0 1
-0.004008 -0.020030 0.999792 0.008658 0.999761 0.020065 -0.999955 0.008737 -0.003834 -0.074501 -0.001708 0.089627 0 0 0 1
-0.034050 -0.020635 0.999207 0.009762 0.999732 0.020979 -0.999373 0.010469 -0.033839 -0.077086 -0.001771 0.089766 0 0 0 1
-0.075661 -0.022990 0.996869 0.011175 0.999652 0.023902 -0.997071 0.012948 -0.075377 -0.080670 -0.001980 0.089676 0 0 0 1
-0.121934 -0.026310 0.992190 0.012483 0.999529 0.028038 -0.992460 0.015804 -0.121549 -0.084650 -0.002268 0.089317 0 0 0 1
-0.170577 -0.029053 0.984916 0.013668 0.999399 0.031847 -0.985250 0.018895 -0.170078 -0.088836 -0.002510 0.088803 0 0 0 1
-0.223028 -0.031219 0.974312 0.014761 0.999264 0.035397 -0.974701 0.022276 -0.222403 -0.093359 -0.002707 0.088068 0 0 0 1
-0.277301 -0.032600 0.960230 0.015861 0.999132 0.038501 -0.960652 0.025907 -0.276544 -0.098064 -0.002841 0.087104 0 0 0 1
-0.331275 -0.033532 0.942938 0.016931 0.998996 0.041473 -0.943383 0.029704 -0.330375 -0.102771 -0.002940 0.085885 0 0 0 1
-0.383044 -0.034578 0.923083 0.017957 0.998831 0.044867 -0.923556 0.033762 -0.381976 -0.107315 -0.003048 0.084400 0 0 0 1
-0.434474 -0.036147 0.899959 0.018825 0.998612 0.049197 -0.900488 0.038317 -0.433191 -0.111845 -0.003196 0.082544 0 0 0 1
-0.486503 -0.037695 0.872865 0.019557 0.998349 0.054014 -0.873460 0.043348 -0.484963 -0.116448 -0.003345 0.080329 0 0 0 1
-0.537411 -0.039141 0.842412 0.020029 0.998048 0.059149 -0.843083 0.048660 -0.535578 -0.120964 -0.003485 0.077793 0 0 0 1
-0.585433 -0.040531 0.809707 0.020109 0.997716 0.064481 -0.810472 0.054032 -0.583281 -0.125225 -0.003615 0.075028 0 0 0 1
-0.629250 -0.041790 0.776079 0.019807 0.997367 0.069765 -0.776951 0.059272 -0.626765 -0.129114 -0.003731 0.072150 0 0 0 1
-0.667647 -0.042784 0.743248 0.019121 0.997032 0.074569 -0.744233 0.063997 -0.664848 -0.132511 -0.003828 0.069338 0 0 0 1
-0.699779 -0.043739 0.713019 0.018101 0.996717 0.078907 -0.714130 0.068123 -0.696691 -0.135337 -0.003913 0.066726 0 0 0 1
-0.667697 -0.042795 0.743203 0.017410 0.997176 0.073060 -0.744230 0.061721 -0.665066 -0.132354 -0.003823 0.069481 0 0 0 1
-0.492272 -0.037352 0.869640 0.014094 0.998606 0.050869 -0.870327 0.037298 -0.491060 -0.116436 -0.003289 0.080416 0 0 0 1
-0.270731 -0.030077 0.962185 0.004250 0.999465 0.032438 -0.962646 0.012872 -0.270458 -0.096409 -0.002545 0.087780 0 0 0 1
-0.022868 -0.021810 0.999501 -0.010837 0.999709 0.021566 -0.999680 -0.010338 -0.023098 -0.074219 -0.001679 0.089635 0 0 0 1
0.224254 -0.013503 0.974437 -0.027623 0.999414 0.020207 -0.974140 -0.031448 0.223750 -0.052497 -0.000772 0.085461 0 0 0 1
0.443416 -0.005917 0.896297 -0.042638 0.998707 0.027687 -0.895302 -0.050493 0.442590 -0.033731 0.000093 0.076326 0 0 0 1
0.616045 0.001515 0.787710 -0.053687 0.997754 0.040067 -0.785880 -0.066973 0.614742 -0.019453 0.000945 0.064646 0 0 0 1
0.735041 0.009391 0.677958 -0.061187 0.996743 0.052532 -0.675257 -0.080095 0.733221 -0.009941 0.001808 0.053348 0 0 0 1
0.353676 0.005177 0.935354 -0.064012 0.997774 0.018681 -0.933176 -0.066481 0.353220 -0.038769 0.001240 0.081207 0 0 0 1
0.098987 -0.017589 0.994933 -0.025775 0.999463 0.020233 -0.994755 -0.027647 0.098480 -0.062810 -0.001148 0.088283 0 0 0 1
0.007543 -0.020136 0.999769 0.008212 0.999765 0.020074 -0.999938 0.008059 0.007707 -0.073506 -0.001711 0.089520 0 0 0 1
</float array>
    <technique common />
  </source>
  <source id="Anim443_1handedRH_Lforearm-interpolation" />
  <source id="Anim443_1handedRH_Lforearm-sampler" />
  <source source="#Anim443_1handedRH_Lforearm-sampler" target="Armature_Lforearm/transform" />
</animation>
<animation id="Anim443_1handedRH_Lhand">
  <source id="Anim443_1handedRH_Lhand-input">
    <float array count="1" id="Anim443_1handedRH_Lhand-input-array">
0.0000
</float array>
    <technique common>
      <accessor count="1" source="#Anim443_1handedRH_Lhand-input-array" stride="1" />
      <accessor count="16" source="#Anim443_1handedRH_Lhand-output-array" stride="16">
        <param name="TRANSFORM" type="float4x4" />
      </accessor>
    </technique common>
  </source>
  <source id="Anim443_1handedRH_Lhand-output">
    <float array count="16" id="Anim443_1handedRH_Lhand-output-array">
0.949748 0.279119 0.141671 -0.270171 0.502422 0.821327 0.158069 -0.818330 0.552584 0.018053 0.092023 -0.056641 0 0 0 1
</float array>
    <technique common />
  </source>
  <source id="Anim443_1handedRH_Lhand-interpolation" />
  <source id="Anim443_1handedRH_Lhand-sampler" />
  <source source="#Anim443_1handedRH_Lhand-sampler" target="Armature_Lhand/transform" />
</animation>
<animation id="Anim443_1handedRH_Lweapon">
  <source id="Anim443_1handedRH_Lweapon-input">
    <float array count="1" id="Anim443_1handedRH_Lweapon-input-array">
0.0000
</float array>
    <technique common>
      <accessor count="1" source="#Anim443_1handedRH_Lweapon-input-array" stride="1" />
      <accessor count="16" source="#Anim443_1handedRH_Lweapon-output-array" stride="16">
        <param name="TRANSFORM" type="float4x4" />
      </accessor>
    </technique common>
  </source>
  <source id="Anim443_1handedRH_Lweapon-output">
    <float array count="16" id="Anim443_1handedRH_Lweapon-output-array">
0.873749 -0.025097 0.485730 0.028819 0.999585 -0.000193 -0.485523 0.014167 0.874109 -0.020339 -0.003887 0.075448 0 0 0 1
</float array>
    <technique common />
  </source>
  <source id="Anim443_1handedRH_Lweapon-interpolation" />
  <source id="Anim443_1handedRH_Lweapon-sampler" />
  <source source="#Anim443_1handedRH_Lweapon-sampler" target="Armature_Lweapon/transform" />
</animation>
<animation id="Anim443_1handedRH_Rcollar">
  <source id="Anim443_1handedRH_Rcollar-input">
    <float array count="25" id="Anim443_1handedRH_Rcollar-input-array">
0.0000
0.0333
0.0667
0.1000
0.1333
0.1667
0.2000
0.2333
0.2667
0.3000
0.3333
0.3667
0.4000
0.5000
0.5333
0.5667
0.6000
0.6333
0.6667
0.7000
0.7333
0.7667
0.8000
0.8333
0.8667
</float array>
    <technique common>
      <accessor count="25" source="#Anim443_1handedRH_Rcollar-input-array" stride="1" />
      <accessor count="400" source="#Anim443_1handedRH_Rcollar-output-array" stride="16">
        <param name="TRANSFORM" type="float4x4" />
      </accessor>
    </technique common>
  </source>
  <source id="Anim443_1handedRH_Rcollar-output">
    <float array count="400" id="Anim443_1handedRH_Rcollar-output-array">
0.985633 0.145650 0.085517 -0.146182 0.989258 -0.000041 -0.084604 -0.012460 0.996337 0.014319 0.000648 -0.000232 0 0 0 1
0.979942 0.152857 0.127860 -0.150540 0.988217 -0.027650 -0.130580 0.007847 0.991406 0.015170 0.000531 0.002227 0 0 0 1
0.957763 0.169290 0.232446 -0.150759 0.983954 -0.095429 -0.244872 0.056355 0.967916 0.016332 0.000417 0.008368 0 0 0 1
0.912547 0.186272 0.364087 -0.128475 0.975753 -0.177200 -0.388267 0.114928 0.914352 0.015764 0.000571 0.015996 0 0 0 1
0.850013 0.197197 0.488458 -0.081470 0.965342 -0.247948 -0.520423 0.170965 0.836618 0.012866 0.000971 0.022856 0 0 0 1
0.791176 0.201603 0.577405 -0.027654 0.954934 -0.295526 -0.610963 0.217846 0.761096 0.008938 0.001477 0.027672 0 0 0 1
0.765202 0.205245 0.610196 0.004828 0.945963 -0.324238 -0.643772 0.251054 0.722862 0.006332 0.001981 0.030575 0 0 0 1
0.827472 0.226379 0.513851 -0.048921 0.940714 -0.335655 -0.559372 0.252607 0.789488 0.010301 0.002385 0.031306 0 0 0 1
0.926636 0.240587 0.288899 -0.147246 0.939289 -0.309926 -0.345924 0.244650 0.905805 0.017054 0.002546 0.028553 0 0 0 1
0.975997 0.207732 0.065397 -0.181819 0.942515 -0.280371 -0.119880 0.261751 0.957661 0.017967 0.002191 0.026045 0 0 0 1
0.992643 0.075886 -0.094342 -0.103859 0.934181 -0.341350 0.062229 0.348637 0.935189 0.009018 0.002561 0.032383 0 0 0 1
0.981748 -0.044363 -0.184938 -0.035150 0.913336 -0.405686 0.186908 0.404782 0.895107 0.001545 0.004335 0.038978 0 0 0 1
0.975733 -0.070868 -0.207176 -0.022182 0.909315 -0.415516 0.217835 0.410029 0.885677 0.000079 0.004741 0.040043 0 0 0 1
0.981891 -0.061213 -0.179282 -0.016924 0.914230 -0.404842 0.188687 0.400545 0.896638 -0.000152 0.004347 0.038868 0 0 0 1
0.988641 -0.047483 -0.142599 -0.011629 0.921772 -0.387559 0.149846 0.384815 0.910749 -0.000297 0.003755 0.037026 0 0 0 1
0.996473 -0.028800 -0.078821 -0.001356 0.933617 -0.358270 0.083906 0.357113 0.930285 -0.000651 0.002864 0.033941 0 0 0 1
0.999912 -0.000991 0.013215 0.005090 0.949420 -0.313967 -0.012235 0.314007 0.949342 -0.000355 0.001722 0.029386 0 0 0 1
0.993254 0.030427 0.111895 -0.000314 0.965664 -0.259793 -0.115958 0.258006 0.959159 0.001137 0.000650 0.023987 0 0 0 1
0.978899 0.059635 0.195450 -0.018784 0.978679 -0.204535 -0.203480 0.196547 0.959148 0.003707 -0.000065 0.018628 0 0 0 1
0.966456 0.082113 0.243353 -0.044004 0.986443 -0.158092 -0.253035 0.142080 0.956967 0.006536 -0.000341 0.014215 0 0 0 1
0.963781 0.098217 0.247951 -0.069468 0.990076 -0.122164 -0.257488 0.100515 0.961039 0.008935 -0.000337 0.010849 0 0 0 1
0.968405 0.111461 0.223086 -0.093174 0.991490 -0.090915 -0.231321 0.067256 0.970550 0.010861 -0.000197 0.007956 0 0 0 1
0.975707 0.122723 0.181481 -0.113143 0.991626 -0.062266 -0.187603 0.040220 0.981421 0.012270 0.000008 0.005344 0 0 0 1
0.981747 0.132880 0.136071 -0.129310 0.990994 -0.034787 -0.139468 0.016556 0.990088 0.013290 0.000256 0.002872 0 0 0 1
0.984639 0.142981 0.100213 -0.142940 0.989702 -0.007625 -0.100271 -0.006817 0.994936 0.014170 0.000563 0.000434 0 0 0 1
</float array>
    <technique common />
  </source>
  <source id="Anim443_1handedRH_Rcollar-interpolation" />
  <source id="Anim443_1handedRH_Rcollar-sampler" />
  <source source="#Anim443_1handedRH_Rcollar-sampler" target="Armature_Rcollar/transform" />
</animation>
<animation id="Anim443_1handedRH_Ruparm">
  <source id="Anim443_1handedRH_Ruparm-input">
    <float array count="28" id="Anim443_1handedRH_Ruparm-input-array">
0.0000
0.0333
0.0667
0.1000
0.1333
0.1667
0.2000
0.2333
0.2667
0.3000
0.3333
0.3667
0.4000
0.4333
0.4667
0.5000
0.5333
0.5667
0.6000
0.6333
0.6667
0.7000
0.7333
0.7667
0.8000
0.8333
0.8667
0.9000
</float array>
    <technique common>
      <accessor count="28" source="#Anim443_1handedRH_Ruparm-input-array" stride="1" />
      <accessor count="448" source="#Anim443_1handedRH_Ruparm-output-array" stride="16">
        <param name="TRANSFORM" type="float4x4" />
      </accessor>
    </technique common>
  </source>
  <source id="Anim443_1handedRH_Ruparm-output">
    <float array count="448" id="Anim443_1handedRH_Ruparm-output-array">
0.569299 -0.696475 0.436831 0.803572 0.583657 -0.116683 -0.173693 0.417453 0.891943 -0.058909 0.056610 -0.002064 0 0 0 1
0.549274 -0.719658 0.424725 0.802823 0.595501 -0.029227 -0.231891 0.357032 0.904850 -0.057655 0.056822 -0.009879 0 0 0 1
0.498567 -0.773947 0.390433 0.775958 0.599237 0.196986 -0.386418 0.204748 0.899310 -0.052107 0.059635 -0.029630 0 0 0 1
0.431873 -0.836454 0.337389 0.679000 0.547742 0.488811 -0.593669 0.017983 0.804507 -0.039081 0.068138 -0.054004 0 0 0 1
0.368664 -0.889670 0.269399 0.499162 0.433954 0.750014 -0.784171 -0.142029 0.604071 -0.018668 0.081844 -0.074079 0 0 0 1
0.333420 -0.923601 0.189189 0.289215 0.291198 0.911898 -0.897321 -0.249329 0.364210 0.002908 0.097118 -0.084221 0 0 0 1
0.353051 -0.930512 0.097481 0.148552 0.158620 0.976100 -0.923735 -0.330132 0.194230 0.015525 0.110344 -0.085637 0 0 0 1
0.629766 -0.774016 -0.065531 0.416350 0.265126 0.869690 -0.655779 -0.574985 0.489229 -0.020516 0.097853 -0.073421 0 0 0 1
0.857750 -0.407427 -0.313477 0.512618 0.632158 0.581032 -0.038561 -0.659074 0.751088 -0.042465 0.053118 -0.041367 0 0 0 1
0.600338 -0.120823 -0.790568 0.796552 0.178598 0.577587 0.071408 -0.976475 0.203461 -0.061559 0.088910 -0.020742 0 0 0 1
0.494614 -0.011979 -0.869031 0.585361 0.743693 0.322911 0.642424 -0.668413 0.374853 -0.044089 0.030359 0.003650 0 0 0 1
0.474500 0.039826 -0.879355 0.075943 0.993399 0.085970 0.876973 -0.107573 0.468343 0.001384 0.000362 0.024978 0 0 0 1
0.467946 0.049840 -0.882351 -0.044524 0.998470 0.032786 0.882634 0.023943 0.469449 0.012664 -0.001666 0.029974 0 0 0 1
0.466237 0.052148 -0.883121 -0.076810 0.996877 0.018314 0.881318 0.059294 0.468787 0.015713 -0.001926 0.031342 0 0 0 1
0.479203 0.044950 -0.876553 -0.040728 0.998750 0.028951 0.876758 0.021826 0.480435 0.012012 -0.001517 0.030041 0 0 0 1
0.514996 0.024209 -0.856851 0.042361 0.997661 0.053648 0.856145 -0.063926 0.512765 0.003397 0.000051 0.026830 0 0 0 1
0.578909 -0.019028 -0.815170 0.148873 0.985390 0.082724 0.801686 -0.169246 0.573283 -0.007953 0.003551 0.022250 0 0 0 1
0.671356 -0.115774 -0.732037 0.309471 0.941284 0.134950 0.673431 -0.317144 0.667765 -0.024509 0.012089 0.013898 0 0 0 1
0.749747 -0.283551 -0.597895 0.500081 0.834510 0.231326 0.433356 -0.472432 0.767469 -0.042334 0.028739 -0.000199 0 0 0 1
0.763916 -0.485137 -0.425528 0.632643 0.693057 0.345591 0.127256 -0.533210 0.836356 -0.052137 0.048772 -0.016871 0 0 0 1
0.712793 -0.657875 -0.243162 0.686403 0.583060 0.434617 -0.144145 -0.476699 0.867167 -0.052920 0.063877 -0.031170 0 0 0 1
0.647247 -0.757131 -0.088454 0.700969 0.545572 0.459340 -0.299523 -0.359310 0.883845 -0.050718 0.069382 -0.038520 0 0 0 1
0.607378 -0.793366 0.040787 0.716058 0.568983 0.404375 -0.344024 -0.216402 0.913683 -0.050427 0.067020 -0.037826 0 0 0 1
0.584814 -0.794176 0.165157 0.740747 0.605835 0.290270 -0.330583 -0.047414 0.942584 -0.052119 0.062048 -0.031506 0 0 0 1
0.574124 -0.771332 0.274644 0.767093 0.624005 0.148949 -0.286268 0.125162 0.949939 -0.054630 0.058017 -0.021998 0 0 0 1
0.569987 -0.738215 0.360768 0.787737 0.615815 0.015533 -0.233633 0.275337 0.932526 -0.056903 0.056305 -0.012244 0 0 0 1
0.569037 -0.708861 0.416791 0.799814 0.594856 -0.080265 -0.191034 0.379028 0.905451 -0.058390 0.056330 -0.004918 0 0 0 1
0.569299 -0.696475 0.436831 0.803572 0.583657 -0.116683 -0.173693 0.417453 0.891943 -0.058909 0.056610 -0.002064 0 0 0 1
</float array>
    <technique common />
  </source>
  <source id="Anim443_1handedRH_Ruparm-interpolation" />
  <source id="Anim443_1handedRH_Ruparm-sampler" />
  <source source="#Anim443_1handedRH_Ruparm-sampler" target="Armature_Ruparm/transform" />
</animation>
<animation id="Anim443_1handedRH_Rforearm">
  <source id="Anim443_1handedRH_Rforearm-input">
    <float array count="25" id="Anim443_1handedRH_Rforearm-input-array">
0.0000
0.0333
0.0667
0.1000
0.1333
0.1667
0.2000
0.2333
0.2667
0.3000
0.3333
0.3667
0.4000
0.5333
0.5667
0.6000
0.6333
0.6667
0.7000
0.7333
0.7667
0.8000
0.8333
0.8667
0.9000
</float array>
    <technique common>
      <accessor count="25" source="#Anim443_1handedRH_Rforearm-input-array" stride="1" />
